3.05121577587e+14 
2.86092867566e+14 
3.19051737268e+14 
2.93012165179e+14 
3.0105601901e+14 
3.17915650998e+14 
2.77070926205e+14 
2.80162474762e+14 
3.20455317574e+14 
2.92125781784e+14 
2.71973017352e+14 
2.89942458426e+14 
2.80403919278e+14 
2.78484604771e+14 
2.71198174883e+14 
2.94321185523e+14 
2.61338198884e+14 
2.57380115032e+14 
2.86187358828e+14 
2.81716368193e+14 
2.8083765886e+14 
2.67170157414e+14 
2.67434463269e+14 
2.6974129727e+14 
2.68252351061e+14 
2.69147313508e+14 
2.674682417e+14 
2.49646201324e+14 
2.49817716243e+14 
2.3196270567e+14 
2.54951359859e+14 
2.32604281646e+14 
2.34640289482e+14 
2.46527790587e+14 
2.41740011591e+14 
2.40185192696e+14 
2.36360765784e+14 
2.35462776708e+14 
2.0674758618e+14 
2.12662604472e+14 
2.16727666188e+14 
1.96907564853e+14 
2.19878709838e+14 
2.17482115251e+14 
2.14151391975e+14 
2.12227344154e+14 
2.10670521686e+14 
2.0883686517e+14 
1.98059211863e+14 
2.03305895298e+14 
2.00406744708e+14 
1.88575219475e+14 
1.90662345479e+14 
1.91018121683e+14 
1.85404232666e+14 
1.88055079732e+14 
1.86313244103e+14 
1.80388540749e+14 
1.70684229849e+14 
1.78505129191e+14 
1.77304950253e+14 
1.73600255461e+14 
1.70728525408e+14 
1.70529012925e+14 
1.67792512391e+14 
1.65155677305e+14 
1.63999723098e+14 
1.62518224685e+14 
1.59278989621e+14 
1.57512308995e+14 
1.54626011309e+14 
1.53316545583e+14 
1.52520755022e+14 
1.49713219242e+14 
1.46779038043e+14 
1.45149176112e+14 
1.44527258287e+14 
1.4331076023e+14 
1.41998669846e+14 
1.39453267953e+14 
1.32848816939e+14 
1.27153188012e+14 
1.34022506859e+14 
1.32593699325e+14 
1.1954820097e+14 
1.29748057131e+14 
1.25074247191e+14 
1.26662758825e+14 
1.1861514245e+14 
