1.96086047754e+14 
2.50303224354e+14 
2.35817542854e+14 
2.27033776825e+14 
2.5810197703e+14 
2.31038958708e+14 
2.05638802457e+14 
2.22165501772e+14 
2.30256282852e+14 
2.22222632589e+14 
2.39124764622e+14 
2.14553100501e+14 
1.99593408713e+14 
2.1834832371e+14 
2.10020446055e+14 
2.01266958809e+14 
2.17700009693e+14 
2.33290220031e+14 
2.07653677913e+14 
2.1137031681e+14 
2.2549678865e+14 
2.09765671464e+14 
2.16031110241e+14 
2.08187370999e+14 
2.13565565177e+14 
2.13383370026e+14 
2.1109188026e+14 
2.08599793327e+14 
2.08126886676e+14 
2.04474767842e+14 
2.04175955983e+14 
1.99756122532e+14 
1.92860728154e+14 
1.96227774789e+14 
1.96077820972e+14 
1.9501303121e+14 
1.86650722205e+14 
1.89650552227e+14 
1.88059482443e+14 
1.85819871452e+14 
1.66992596732e+14 
1.82305193047e+14 
1.76749929291e+14 
1.70494482828e+14 
1.75920660806e+14 
1.72062375284e+14 
1.67027208086e+14 
1.70011114628e+14 
1.66127442129e+14 
1.65214865419e+14 
1.62341192517e+14 
1.52963690918e+14 
1.55274959497e+14 
1.58187657855e+14 
1.50769034351e+14 
1.47091776228e+14 
1.4929696027e+14 
1.48810633621e+14 
1.50241299266e+14 
1.4727997437e+14 
1.45659004957e+14 
1.41178804165e+14 
1.42180002699e+14 
1.40666444837e+14 
1.39654538525e+14 
1.35619214378e+14 
1.35878566455e+14 
1.28553056564e+14 
1.32887211698e+14 
1.31839447432e+14 
1.28979149037e+14 
1.28712855244e+14 
1.26421630938e+14 
1.18994286401e+14 
1.24058028109e+14 
1.21646482208e+14 
1.13546671335e+14 
1.19456918632e+14 
1.1759543761e+14 
9.53236057148e+13 
1.07178938645e+14 
1.13928320231e+14 
1.06504019371e+14 
1.0943784336e+14 
1.09063883683e+14 
1.08323583249e+14 
1.03350360232e+14 
1.07213401689e+14 
1.05434728793e+14 
