2.0384064655e+14 
2.76411076969e+14 
2.27005331302e+14 
3.11273063585e+14 
2.81215254582e+14 
2.94025101338e+14 
2.9275324543e+14 
2.73286683059e+14 
2.69920388884e+14 
2.44355085422e+14 
2.95805509115e+14 
2.75731255198e+14 
3.05056890174e+14 
3.29309894728e+14 
3.05121577587e+14 
2.86092867566e+14 
3.19051737268e+14 
2.93012165179e+14 
3.0105601901e+14 
3.17915650998e+14 
2.77070926205e+14 
2.80162474762e+14 
3.20455317574e+14 
2.92125781784e+14 
2.71973017352e+14 
2.89942458426e+14 
2.80403919278e+14 
2.78484604771e+14 
2.71198174883e+14 
2.94321185523e+14 
2.61338198884e+14 
2.57380115032e+14 
2.86187358828e+14 
2.81716368193e+14 
2.8083765886e+14 
2.67170157414e+14 
2.67434463269e+14 
2.6974129727e+14 
2.68252351061e+14 
2.69147313508e+14 
2.674682417e+14 
2.49646201324e+14 
2.49817716243e+14 
2.3196270567e+14 
2.54951359859e+14 
2.32604281646e+14 
2.34640289482e+14 
2.46527790587e+14 
2.41740011591e+14 
2.40185192696e+14 
2.36360765784e+14 
2.35462776708e+14 
2.0674758618e+14 
2.12662604472e+14 
2.16727666188e+14 
1.96907564853e+14 
2.19878709838e+14 
2.17482115251e+14 
2.14151391975e+14 
2.12227344154e+14 
2.10670521686e+14 
