1.5133853568e+14 
6.31049149893e+13 
1.46424529773e+14 
2.06190447046e+14 
2.10090968512e+14 
1.84667931957e+14 
2.08015619028e+14 
1.97443940483e+14 
1.95545964526e+14 
1.78900125855e+14 
2.0452631641e+14 
2.0776423794e+14 
2.57825821341e+14 
2.3305009249e+14 
1.96086047754e+14 
2.50303224354e+14 
2.35817542854e+14 
2.27033776825e+14 
2.5810197703e+14 
2.31038958708e+14 
2.05638802457e+14 
2.22165501772e+14 
2.30256282852e+14 
2.22222632589e+14 
2.39124764622e+14 
2.14553100501e+14 
1.99593408713e+14 
2.1834832371e+14 
2.10020446055e+14 
2.01266958809e+14 
2.17700009693e+14 
2.33290220031e+14 
2.07653677913e+14 
2.1137031681e+14 
2.2549678865e+14 
2.09765671464e+14 
2.16031110241e+14 
2.08187370999e+14 
2.13565565177e+14 
2.13383370026e+14 
2.1109188026e+14 
2.08599793327e+14 
2.08126886676e+14 
2.04474767842e+14 
2.04175955983e+14 
1.99756122532e+14 
1.92860728154e+14 
1.96227774789e+14 
1.96077820972e+14 
1.9501303121e+14 
1.86650722205e+14 
1.89650552227e+14 
1.88059482443e+14 
1.85819871452e+14 
1.66992596732e+14 
1.82305193047e+14 
1.76749929291e+14 
1.70494482828e+14 
1.75920660806e+14 
1.72062375284e+14 
1.67027208086e+14 
