0.00069045 
0.0005272 
0.000384325 
0.0002943 
0.000518475 
0.00160125 
0.005213 
0.0271325 
0.1010825 
0.248875 
0.386325 
0.441925 
0.4593 
0.4673 
0.49255 
0.501375 
0.5166 
0.537575 
0.541625 
0.570425 
0.584675 
0.6058 
0.612575 
0.6354 
0.64285 
0.63165 
0.648225 
0.65835 
0.667775 
0.670525 
0.6677 
0.683925 
0.684975 
0.684025 
0.701025 
0.701725 
0.702875 
0.715175 
0.710975 
0.709325 
0.72335 
0.71815 
0.708175 
0.71745 
0.717575 
0.69415 
0.68135 
0.69165 
0.69485 
0.679 
0.667275 
0.670575 
0.6733 
0.66695 
0.6587 
0.65595 
0.6555 
0.6517 
0.646125 
0.639325 
0.6291 
