0.49255 
0.501375 
0.5166 
0.537575 
0.541625 
0.570425 
0.584675 
0.6058 
0.612575 
0.6354 
0.64285 
0.63165 
0.648225 
0.65835 
0.667775 
0.670525 
0.6677 
0.683925 
0.684975 
0.684025 
0.701025 
0.701725 
0.702875 
0.715175 
0.710975 
0.709325 
0.72335 
0.71815 
0.708175 
0.71745 
0.717575 
0.69415 
0.68135 
0.69165 
0.69485 
0.679 
0.667275 
0.670575 
0.6733 
0.66695 
0.6587 
0.65595 
0.6555 
0.6517 
0.646125 
0.639325 
0.6291 
0.620675 
0.61615 
0.61335 
0.606875 
0.596575 
0.5855 
0.576875 
0.57075 
0.564325 
0.559425 
0.552975 
0.545475 
0.536725 
0.52795 
0.51945 
0.50785 
0.497575 
0.488125 
0.4816 
0.47685 
0.4724 
0.464375 
0.4606 
0.446475 
0.435125 
0.424225 
0.4093 
0.3935 
0.375275 
0.35805 
0.346775 
0.336875 
0.3281 
0.320375 
0.3102 
0.3004 
0.2889 
0.2656 
0.219175 
0.1518 
0.083025 
0.0355225 
