0.323 0.00000
0.324 0.00002
0.325 0.00006
0.326 0.00027
0.327 0.00114
0.328 0.00352
0.329 0.00806
0.33 0.01435
0.331 0.02299
0.332 0.03369
0.333 0.04779
0.334 0.06386
0.335 0.08047
0.336 0.09469
0.337 0.10396
0.338 0.11223
0.339 0.12776
0.34 0.13801
0.341 0.13699
0.342 0.12475
0.343 0.10999
0.344 0.11443
0.345 0.13812
0.346 0.16800
0.347 0.19516
0.348 0.20886
0.349 0.21217
0.35 0.21259
0.351 0.21520
0.352 0.22084
0.353 0.22542
0.354 0.22526
0.355 0.22226
0.356 0.22051
0.357 0.22029
0.358 0.22151
0.359 0.22259
0.36 0.22197
0.361 0.21984
0.362 0.21714
0.363 0.21489
0.3635 0.21355
0.364 0.21222
0.3645 0.21126
0.365 0.21031
0.366 0.20831
0.367 0.20593
0.368 0.20292
0.369 0.20032
0.37 0.19729
0.371 0.19484
0.372 0.19185
0.373 0.18860
0.374 0.18516
0.375 0.18230
0.376 0.18125
0.377 0.18094
0.378 0.18049
0.379 0.18012
0.38 0.18066
0.381 0.18378
0.382 0.18975
0.383 0.19675
0.384 0.20394
0.385 0.21011
0.386 0.21742
0.387 0.22791
0.388 0.24213
0.389 0.25812
0.39 0.27306
0.391 0.28906
0.392 0.30757
0.393 0.32766
0.394 0.34735
0.395 0.36244
0.396 0.37419
0.397 0.38456
0.398 0.39533
0.399 0.41092
0.4 0.43038
0.401 0.45200
0.402 0.47510
0.403 0.49438
0.404 0.50824
0.405 0.51762
0.406 0.52428
0.407 0.52862
0.408 0.53423
0.409 0.54388
0.41 0.55685
0.411 0.57236
0.412 0.58677
0.413 0.59872
0.414 0.60883
0.415 0.62029
0.416 0.63005
0.417 0.63826
0.418 0.64235
0.419 0.64512
0.42 0.64939
0.421 0.65670
0.422 0.66600
0.423 0.67589
0.424 0.68339
0.425 0.68760
0.426 0.69290
0.427 0.69675
0.428 0.70000
0.429 0.70382
0.43 0.70827
0.431 0.71430
0.432 0.72235
0.433 0.73088
0.434 0.73724
0.435 0.73923
0.436 0.73677
0.437 0.72971
0.438 0.72462
0.439 0.72235
0.44 0.72367
0.441 0.72758
0.442 0.73249
0.443 0.73956
0.444 0.74736
0.445 0.75659
0.446 0.76604
0.447 0.77337
0.448 0.77898
0.449 0.78246
0.45 0.78297
0.451 0.78313
0.452 0.78338
0.453 0.78381
0.454 0.78350
0.455 0.78563
0.456 0.79015
0.457 0.79549
0.458 0.80285
0.459 0.80943
0.46 0.81292
0.461 0.81307
0.462 0.81159
0.463 0.81026
0.464 0.81158
0.465 0.81592
0.466 0.82288
0.467 0.82995
0.468 0.83666
0.469 0.84231
0.47 0.84569
0.471 0.84575
0.472 0.84423
0.473 0.84036
0.474 0.83446
0.475 0.82873
0.476 0.82355
0.477 0.82036
0.478 0.81942
0.479 0.82185
0.48 0.82680
0.481 0.83706
0.482 0.84765
0.483 0.85732
0.484 0.86431
0.485 0.86843
0.486 0.86773
0.487 0.86503
0.488 0.86023
0.489 0.85785
0.49 0.85883
0.491 0.86226
0.492 0.86736
0.493 0.87224
0.494 0.87626
0.495 0.88016
0.496 0.88227
0.497 0.88410
0.498 0.88689
0.499 0.88916
0.5 0.89151
0.501 0.89314
0.502 0.89404
0.503 0.89258
0.504 0.89063
0.505 0.89036
0.506 0.89193
0.507 0.89563
0.508 0.90010
0.509 0.90403
0.51 0.90851
0.511 0.91178
0.512 0.91276
0.513 0.91324
0.514 0.91499
0.515 0.91605
0.516 0.91571
0.517 0.91613
0.518 0.91542
0.519 0.91421
0.52 0.91466
0.521 0.91615
0.522 0.91782
0.523 0.91994
0.524 0.92341
0.525 0.92667
0.526 0.92759
0.527 0.92692
0.528 0.92363
0.529 0.91858
0.53 0.91306
0.531 0.90827
0.532 0.90272
0.533 0.89802
0.534 0.89317
0.535 0.88931
0.536 0.88654
0.537 0.88649
0.538 0.88866
0.539 0.89336
0.54 0.89971
0.541 0.90664
0.542 0.91202
0.543 0.91456
0.544 0.91509
0.545 0.91372
0.546 0.91196
0.547 0.91030
0.548 0.90723
0.549 0.90632
0.55 0.90680
0.551 0.90672
0.552 0.90649
0.553 0.90735
0.554 0.90649
0.555 0.90426
0.556 0.90300
0.557 0.90259
0.558 0.90402
0.559 0.90708
0.56 0.91152
0.561 0.91695
0.562 0.92225
0.563 0.92667
0.564 0.93028
0.565 0.93308
0.566 0.93486
0.567 0.93857
0.568 0.94137
0.569 0.94351
0.57 0.94604
0.571 0.94687
0.572 0.94749
0.573 0.94595
0.574 0.94379
0.575 0.94073
0.576 0.93859
0.577 0.93640
0.578 0.93724
0.579 0.93972
0.58 0.94234
0.581 0.94703
0.582 0.95089
0.583 0.95516
0.584 0.95904
0.585 0.96248
0.586 0.96519
0.587 0.96924
0.588 0.97278
0.589 0.97620
0.59 0.97945
0.591 0.97964
0.592 0.97872
0.593 0.97758
0.594 0.97433
0.595 0.96876
0.596 0.96432
0.597 0.95660
0.598 0.95018
0.599 0.94502
0.6 0.94194
0.601 0.94282
0.602 0.94378
0.603 0.94802
0.604 0.95452
0.605 0.96106
0.606 0.96909
0.607 0.97651
0.608 0.98421
0.609 0.98914
0.61 0.99242
0.611 0.99489
0.612 0.99421
0.613 0.99397
0.614 0.99366
0.615 0.99242
0.616 0.99115
0.617 0.98862
0.618 0.98437
0.619 0.98038
0.62 0.97530
0.621 0.96837
0.622 0.96243
0.623 0.95445
0.624 0.94813
0.625 0.94497
0.626 0.94430
0.627 0.94734
0.628 0.95247
0.629 0.95934
0.63 0.96599
0.631 0.97399
0.632 0.98102
0.633 0.98424
0.634 0.98717
0.635 0.98768
0.636 0.98846
0.637 0.98734
0.638 0.98715
0.639 0.98637
0.64 0.98626
0.641 0.98751
0.642 0.99001
0.643 0.99184
0.644 0.99474
0.645 0.99568
0.646 0.99768
0.647 0.99999
0.648 0.99976
0.649 0.99685
0.65 0.99280
0.651 0.98365
0.652 0.96591
0.653 0.93847
0.654 0.89675
0.655 0.84185
0.656 0.77562
0.657 0.69949
0.658 0.61943
0.659 0.53817
0.66 0.45894
0.661 0.38154
0.662 0.30846
0.663 0.24192
0.664 0.18466
0.665 0.13517
0.666 0.09389
0.667 0.06193
0.668 0.03972
0.669 0.02536
0.67 0.01648
0.671 0.01101
0.672 0.00767
0.673 0.00554
0.674 0.00420
0.675 0.00329
0.676 0.00267
0.677 0.00225
0.678 0.00196
0.679 0.00171
0.68 0.00152
0.681 0.00133
0.682 0.00113
0.683 0.00095
0.684 0.00077
0.685 0.00061
0.686 0.00046
0.687 0.00033
0.688 0.00024
0.689 0.00017
0.69 0.00012
0.691 0.00009
0.692 0.00006
0.693 0.00005
0.694 0.00004
0.695 0.00003
0.696 0.00003
0.697 0.00002
0.698 0.00002
0.699 0.00002
0.7 0.00002
0.701 0.00002
0.702 0.00002
0.703 0.00002
0.704 0.00002
0.705 0.00002
0.706 0.00002
0.707 0.00002
0.708 0.00002
0.709 0.00001
0.71 0.00002
0.711 0.00002
0.712 0.00001
0.713 0.00001
0.714 0.00001
0.715 0.00001
0.716 0.00001
0.717 0.00001
0.718 0.00001
0.719 0.00000
0.72 0.00001
0.721 0.00001
0.722 0.00001
0.723 0.00001
0.724 0.00001
0.725 0.00001
0.726 0.00001
0.727 0.00001
0.728 0.00000
0.729 0.00000
0.73 0.00001
0.731 0.00000
0.732 0.00000
0.733 0.00000
0.734 0.00000
0.735 0.00000
0.736 0.00000
0.737 0.00000
0.738 0.00000
0.739 0.00000
0.74 0.00001
0.741 0.00000
0.742 0.00000
0.743 0.00000
0.744 0.00000
0.745 0.00000
0.746 0.00000
0.747 0.00001
0.748 0.00002
0.749 0.00000
0.75 0.00001
0.751 0.00001
0.752 0.00001
0.753 0.00000
0.754 0.00000
0.755 0.00001
0.756 0.00000
0.757 0.00000
0.758 0.00000
0.759 0.00000
0.76 0.00000
0.761 0.00001
0.762 0.00000
0.763 0.00000
0.764 0.00000
0.765 0.00001
0.766 0.00000
0.767 0.00000
0.768 0.00000
0.769 0.00000
0.77 0.00000
0.771 0.00000
0.772 0.00000
0.773 0.00000
0.774 0.00000
0.775 0.00001
0.776 0.00000
0.777 0.00000
0.778 0.00000
0.779 0.00000
0.78 0.00000
0.781 0.00000
0.782 0.00000
0.783 0.00000
0.784 0.00000
0.785 0.00000
0.786 0.00000
0.787 0.00000
0.788 0.00000
0.789 0.00000
0.79 0.00000
0.791 0.00001
0.792 0.00000
0.793 0.00000
0.794 0.00000
0.795 0.00000
0.796 0.00000
0.797 0.00000
0.798 0.00000
0.799 0.00000
0.8 0.00000
0.801 0.00001
0.802 0.00000
0.803 0.00000
0.804 0.00000
0.805 0.00000
0.806 0.00000
0.807 0.00001
0.808 0.00000
0.809 0.00000
0.81 0.00000
0.811 0.00000
0.812 0.00001
0.813 0.00000
0.814 0.00000
0.815 0.00001
0.816 0.00001
0.817 0.00000
0.818 0.00000
0.819 0.00000
0.82 0.00000
0.821 0.00000
0.822 0.00000
0.823 0.00000
0.824 0.00000
0.825 0.00001
0.826 0.00000
0.827 0.00000
0.828 0.00000
0.829 0.00001
0.83 0.00001
0.831 0.00000
0.832 0.00001
0.833 0.00000
0.834 0.00001
0.835 0.00001
0.836 0.00000
0.837 0.00001
0.838 0.00001
0.839 0.00000
0.84 0.00001
0.841 0.00000
0.842 0.00000
0.843 0.00001
0.844 0.00001
0.845 0.00001
0.846 0.00001
0.847 0.00000
0.848 0.00000
0.849 0.00001
0.85 0.00005
0.851 0.00004
0.852 0.00000
0.853 0.00000
0.854 0.00000
0.855 0.00002
0.856 0.00002
0.857 0.00015
0.858 0.00000
0.859 0.00010
0.86 0.00004
0.861 0.00001
0.862 0.00005
0.863 0.00001
0.864 0.00001
0.865 0.00004
0.866 0.00005
0.867 0.00006
0.868 0.00000
0.869 0.00005
0.87 0.00007
0.871 0.00000
0.872 0.00006
0.873 0.00000
0.874 0.00001
0.875 0.00010
0.876 0.00001
0.877 0.00004
0.878 0.00000
0.879 0.00005
0.88 0.00001
0.881 0.00000
0.882 0.00001
0.883 0.00010
0.884 0.00000
0.885 0.00000
0.886 0.00000
0.887 0.00003
0.888 0.00000
0.889 0.00010
0.89 0.00002
0.891 0.00007
0.892 0.00001
0.893 0.00002
0.894 0.00002
0.895 0.00001
0.896 0.00010
0.897 0.00003
0.898 0.00006
0.899 0.00000
0.9 0.00004
0.901 0.00007
0.902 0.00002
0.903 0.00003
0.904 0.00000
0.905 0.00002
0.906 0.00001
0.907 0.00002
0.908 0.00000
0.909 0.00004
0.91 0.00000
0.911 0.00000
0.912 0.00000
0.913 0.00000
0.914 0.00001
0.915 0.00000
0.916 0.00002
0.917 0.00002
0.918 0.00000
0.919 0.00004
0.92 0.00000
0.921 0.00005
0.922 0.00001
0.923 0.00001
0.924 0.00003
0.925 0.00002
0.926 0.00000
0.927 0.00002
0.928 0.00004
0.929 0.00005
0.93 0.00000
0.931 0.00000
0.932 0.00001
0.933 0.00004
0.934 0.00001
0.935 0.00001
0.936 0.00003
0.937 0.00000
0.938 0.00000
0.939 0.00002
0.94 0.00000
0.941 0.00000
0.942 0.00000
0.943 0.00001
0.944 0.00001
0.945 0.00002
0.946 0.00001
0.947 0.00000
0.948 0.00001
0.949 0.00004
0.95 0.00001
0.951 0.00003
0.952 0.00001
0.953 0.00000
0.954 0.00002
0.955 0.00000
0.956 0.00000
0.957 0.00001
0.958 0.00000
0.959 0.00000
0.96 0.00002
0.961 0.00000
0.962 0.00001
0.963 0.00000
0.964 0.00002
0.965 0.00001
0.966 0.00000
0.967 0.00000
0.968 0.00002
0.969 0.00000
0.97 0.00000
0.971 0.00000
0.972 0.00003
0.973 0.00004
0.974 0.00002
0.975 0.00000
0.976 0.00000
0.977 0.00001
0.978 0.00000
0.979 0.00000
0.98 0.00000
0.981 0.00000
0.982 0.00000
0.983 0.00000
0.984 0.00002
0.985 0.00000
0.986 0.00002
0.987 0.00001
0.988 0.00000
0.989 0.00001
0.99 0.00000
0.991 0.00000
0.992 0.00000
0.993 0.00001
0.994 0.00000
0.995 0.00000
0.996 0.00000
0.997 0.00001
0.998 0.00000
0.999 0.00000
1.00075 0.00000
1.0025 0.00001
1.005 0.00000
1.0075 0.00001
1.01 0.00000
1.0125 0.00000
1.015 0.00001
1.0175 0.00000
1.02 0.00000
1.0225 0.00000
1.025 0.00000
1.0275 0.00000
1.03 0.00000
1.0325 0.00000
1.035 0.00000
1.0375 0.00000
1.04 0.00001
1.0425 0.00000
1.045 0.00001
1.0475 0.00001
1.05 0.00001
1.0525 0.00003
1.055 0.00004
1.0575 0.00008
1.06 0.00016
1.0625 0.00040
1.065 0.00102
1.0675 0.00151
1.07 0.00118
1.0725 0.00116
1.075 0.00133
1.0775 0.00103
1.08 0.00079
1.0825 0.00067
1.085 0.00059
1.0875 0.00050
1.09 0.00040
1.0925 0.00031
1.095 0.00023
1.0975 0.00017
1.1 0.00000
