0.30  0.00   0.37  0.00   0.46  0.00   0.52  0.00   0.68  0.00   0.96  0.00   1.80  0.00   2.90  0.00    2.90  0.00   4.10   0.00        7.00   0.00
0.31  0.10   0.38  0.11   0.48  0.02   0.54  0.06   0.70  0.01   0.98  0.02   1.85  0.10   3.00  0.14    3.00  0.14   4.20   0.04  	 7.20   0.10
0.32  0.61   0.40  0.92   0.50  0.38   0.56  0.28   0.72  0.17   1.00  0.03   1.90  0.48   3.10  0.68    3.10  0.68   4.30   0.25	 7.40   0.34
0.33  0.84   0.42  1.00   0.52  0.91   0.58  0.50   0.74  0.36   1.02  0.06   1.95  0.95   3.20  0.95    3.20  0.95   4.40   0.48	 7.60   0.59
0.34  0.93   0.44  0.94   0.54  0.98   0.60  0.69   0.76  0.56   1.04  0.16   2.00  1.00   3.30  1.00    3.30  1.00   4.50   1.00	 7.80   0.70
0.35  0.97   0.46  0.79   0.56  0.72   0.62  0.79   0.78  0.76   1.06  0.35   2.05  0.98   3.40  1.00    3.40  1.00   4.60   0.93	 8.00   0.76
0.36  1.00   0.48  0.58   0.58  0.62   0.64  0.88   0.80  0.96   1.08  0.62   2.10  0.96   3.50  1.00    3.50  0.98   4.70   0.92	 8.20   0.84
0.37  0.97   0.50  0.36   0.60  0.40   0.66  0.94   0.82  0.98   1.10  0.93   2.15  0.95   3.60  0.89    3.60  0.85   4.80   0.89	 8.40   0.89
0.38  0.73   0.52  0.15   0.62  0.20   0.68  0.98   0.84  0.99   1.12  0.85   2.20  0.97   3.70  0.81    3.70  0.69   4.90   0.84	 8.60   0.98
0.39  0.36   0.54  0.04   0.64  0.08   0.70  1.00   0.86  1.00   1.14  0.78   2.25  0.96   3.80  0.65    3.80  0.39   5.00   0.78	 8.80   0.92
0.40  0.05   0.56  0.00   0.66  0.02   0.72  0.94   0.88  0.98   1.16  0.78   2.30  0.94   3.90  0.59    3.90  0.21   5.10   0.76	 9.00   0.79
0.41  0.01                0.68  0.01   0.74  0.85   0.90  0.93   1.18  0.80   2.35  0.95   4.00  0.65    4.00  0.10   5.20   0.79	 9.20   0.68
0.42  0.00                0.70  0.01   0.76  0.73   0.92  0.84   1.20  0.85   2.40  0.95   4.10  0.40    4.10  0.02   5.30   0.74	 9.40   0.60
                          0.72  0.01   0.78  0.57   0.94  0.71   1.22  0.93   2.45  0.84   4.20  0.04    4.20  0.00   5.40   0.68	 9.60   0.63
                          0.74  0.00   0.80  0.42   0.96  0.58   1.24  0.75   2.50  0.46   4.30  0.00		      5.50   0.60	 9.80   0.69
                                       0.82  0.31   0.98  0.47   1.26  0.64   2.55  0.08			      5.60   0.49	 10.0    0.73
                                       0.84  0.17   1.00  0.36   1.28  0.63   2.60  0.00			      5.70   0.32	 10.2    0.72
                                       0.86  0.11   1.02  0.28   1.30  0.63					      5.80   0.26	 10.4    0.65
                                       0.88  0.06   1.04  0.20   1.32  0.66					      5.90   0.21	 10.6    0.60
                                       0.90  0.04   1.06  0.15   1.34  0.68					      6.00   0.19	 10.8    0.60
                                       0.92  0.02   1.08  0.10   1.36  0.70				              6.10   0.09        11.0    0.61
                                       0.94  0.01   1.10  0.08   1.38  0.70					      6.20   0.02        11.2    0.64
                                       0.96  0.00   1.12  0.05   1.40  0.66					      6.30   0.00        11.4    0.65
                                                    1.14  0.03   1.42  0.60							         11.6    0.68
                                                    1.16  0.02   1.44  0.46							         11.8    0.71
                                                    1.20  0.00	 1.46  0.27							         12.0    0.76
								 1.48  0.14							         12.2    0.76
								 1.50  0.09							         12.4    0.76
								 1.52  0.06							         12.6    0.71
								 1.54  0.02							         12.8    0.63
								 1.56  0.00	   	  				       
